q=100
tau=0.01
sigmas=[0.050000000000000003, 0.061111111111111116, 0.072222222222222215, 0.083333333333333329, 0.094444444444444442, 0.10555555555555556, 0.11666666666666665, 0.12777777777777777, 0.1388888888888889, 0.14999999999999999, 0.16, 0.19777777777777777, 0.23555555555555555, 0.27333333333333332, 0.31111111111111112, 0.34888888888888886, 0.3866666666666666, 0.4244444444444444, 0.4622222222222222, 0.5]
sparsities=[0, 0.5, 0.9, 0.93, 0.96, 0.99]
