q=100
tau=0.01
sigmas=[0.050000000000000003, 0.059999999999999998, 0.070000000000000007, 0.080000000000000002, 0.089999999999999997, 0.099999999999999992, 0.10999999999999999, 0.12, 0.13, 0.13999999999999999, 0.14999999999999999, 0.16, 0.18428571428571427, 0.20857142857142857, 0.23285714285714285, 0.25714285714285712, 0.28142857142857142, 0.30571428571428572, 0.32999999999999996, 0.35428571428571426, 0.37857142857142856, 0.4028571428571428, 0.42714285714285716, 0.4514285714285714, 0.47571428571428565, 0.5]
sparsities=[0, 0.5, 0.9, 0.93, 0.96, 0.99]
